mgc_rve_context "nBitMux_2to1" 1000
mgc_rve_layer "tiod"
mr 2150 -2995 2535 -2225
mr 2150 1485 2535 3025
mr 6560 -2995 6945 -2225
mr 6560 1485 6945 3025
mgc_rve_layer "tndiff"
mr 2150 -2995 2535 -2225
mr 6560 -2995 6945 -2225
mgc_rve_layer "tpdiff"
mr 2150 1485 2535 3025
mr 6560 1485 6945 3025
mgc_rve_layer "metal1"
mp 22 2220 -2960 2500 -2960 2500 -2460 2555 -2460 2555 -1360 2460 -1360 2460 -685 2610 -685 2610 -335 2460 -335 2460 1520 2500 1520 2500 2640 2220 2640 2220 1520 2260 1520 2260 -1560 2355 -1560 2355 -2250 2265 -2250 2265 -2260 2220 -2260
mp 22 6630 -2960 6910 -2960 6910 -2460 6965 -2460 6965 -1360 6870 -1360 6870 -685 7020 -685 7020 -335 6870 -335 6870 1520 6910 1520 6910 2640 6630 2640 6630 1520 6670 1520 6670 -1560 6765 -1560 6765 -2250 6675 -2250 6675 -2260 6630 -2260
mgc_rve_layer "metal2"
mr 2265 -2460 2555 -2250
mr 6675 -2460 6965 -2250
mgc_rve_layer "metal3"
mp 20 1050 -2460 1340 -2460 1340 -2455 2265 -2455 2265 -2460 2765 -2460 2765 -2455 6675 -2455 6675 -2460 6965 -2460 6965 -2250 6675 -2250 6675 -2255 2765 -2255 2765 -2250 2265 -2250 2265 -2255 1340 -2255 1340 -2250 1050 -2250
mgc_rve_layer "metal4"
mp 8 1090 -2500 1095 -2500 1095 -4590 1295 -4590 1295 -2500 1300 -2500 1300 -2210 1090 -2210
mp 8 2515 -2500 2520 -2500 2520 -4590 2720 -4590 2720 -2500 2725 -2500 2725 -2210 2515 -2210
mgc_rve_layer "M1"
mp 22 2220 -2960 2500 -2960 2500 -2460 2555 -2460 2555 -1360 2460 -1360 2460 -685 2610 -685 2610 -335 2460 -335 2460 1520 2500 1520 2500 2640 2220 2640 2220 1520 2260 1520 2260 -1560 2355 -1560 2355 -2250 2265 -2250 2265 -2260 2220 -2260
mp 22 6630 -2960 6910 -2960 6910 -2460 6965 -2460 6965 -1360 6870 -1360 6870 -685 7020 -685 7020 -335 6870 -335 6870 1520 6910 1520 6910 2640 6630 2640 6630 1520 6670 1520 6670 -1560 6765 -1560 6765 -2250 6675 -2250 6675 -2260 6630 -2260
mgc_rve_layer "ndiff"
mr 2150 -2995 2535 -2225
mr 6560 -2995 6945 -2225
mgc_rve_layer "pdiff"
mr 2150 1485 2535 3025
mr 6560 1485 6945 3025
mgc_rve_layer "s_pdiff"
mr 2150 1485 2535 3025
mr 6560 1485 6945 3025
mgc_rve_zoom -0.229 -6.221 8.299 4.656 1
