mgc_rve_context "ALU_16Bit" 1000
mgc_rve_layer "tiod"
mr 50525 89865 50945 90635
mr 51085 94695 51505 95885
mgc_rve_layer "tndiff"
mr 50525 89865 50945 90635
mgc_rve_layer "tpdiff"
mr 51085 94695 51505 95885
mgc_rve_layer "metal1"
mr 25465 92805 25815 93155
mr 27950 92175 28300 92525
mp 32 46615 90820 46905 90820 46905 90885 50665 90885 50665 90600 50595 90600 50595 89900 50875 89900 50875 91020 52030 91020 52030 92175 52135 92175 52135 92525 52030 92525 52030 94275 51435 94275 51435 95430 51155 95430 51155 94730 51225 94730 51225 94065 51820 94065 51820 92525 51785 92525 51785 92175 51820 92175 51820 91230 50665 91230 50665 91045 46905 91045 46905 91110 46615 91110
mgc_rve_layer "poly"
mp 12 25430 94450 25465 94450 25465 89655 25605 89655 25605 92805 25815 92805 25815 93155 25605 93155 25605 94590 25570 94590 25570 96095 25430 96095
mp 8 27880 90285 28020 90285 28020 92175 28300 92175 28300 92525 28020 92525 28020 95255 27880 95255
mgc_rve_layer "metal2"
mp 12 25525 91780 25815 91780 25815 92070 25770 92070 25770 92805 25815 92805 25815 93095 25525 93095 25525 92805 25570 92805 25570 92070 25525 92070
mp 20 28010 89935 28300 89935 28300 90225 28255 90225 28255 91780 28300 91780 28300 92070 28255 92070 28255 92175 28300 92175 28300 92465 28010 92465 28010 92175 28055 92175 28055 92070 28010 92070 28010 91780 28055 91780 28055 90225 28010 90225
mp 12 46615 89935 46905 89935 46905 90225 46860 90225 46860 90820 46905 90820 46905 91110 46615 91110 46615 90820 46660 90820 46660 90225 46615 90225
mgc_rve_layer "metal3"
mp 12 25525 91780 25815 91780 25815 91825 28010 91825 28010 91780 28300 91780 28300 92070 28010 92070 28010 92025 25815 92025 25815 92070 25525 92070
mp 12 28010 89935 28300 89935 28300 89980 46615 89980 46615 89935 46905 89935 46905 90225 46615 90225 46615 90180 28300 90180 28300 90225 28010 90225
mgc_rve_layer "M1"
mr 25465 92805 25815 93155
mr 27950 92175 28300 92525
mp 32 46615 90820 46905 90820 46905 90885 50665 90885 50665 90600 50595 90600 50595 89900 50875 89900 50875 91020 52030 91020 52030 92175 52135 92175 52135 92525 52030 92525 52030 94275 51435 94275 51435 95430 51155 95430 51155 94730 51225 94730 51225 94065 51820 94065 51820 92525 51785 92525 51785 92175 51820 92175 51820 91230 50665 91230 50665 91045 46905 91045 46905 91110 46615 91110
mgc_rve_layer "ndiff"
mr 50525 89865 50945 90635
mgc_rve_layer "poly_co"
mp 12 25430 94450 25465 94450 25465 89655 25605 89655 25605 92805 25815 92805 25815 93155 25605 93155 25605 94590 25570 94590 25570 96095 25430 96095
mp 8 27880 90285 28020 90285 28020 92175 28300 92175 28300 92525 28020 92525 28020 95255 27880 95255
mgc_rve_layer "pdiff"
mr 51085 94695 51505 95885
mgc_rve_layer "s_pdiff"
mr 51085 94695 51505 95885
mgc_rve_layer "metal1"
mr 26480 63605 26830 63955
mgc_rve_layer "poly"
mp 16 26480 63605 26690 63605 26690 62240 26865 62240 26865 61085 27005 61085 27005 62380 26830 62380 26830 65950 27005 65950 27005 67525 26865 67525 26865 66090 26690 66090 26690 63955 26480 63955
mgc_rve_layer "M1"
mr 26480 63605 26830 63955
mgc_rve_layer "poly_co"
mp 16 26480 63605 26690 63605 26690 62240 26865 62240 26865 61085 27005 61085 27005 62380 26830 62380 26830 65950 27005 65950 27005 67525 26865 67525 26865 66090 26690 66090 26690 63955 26480 63955
mgc_rve_zoom 19.708 53.583 57.857 103.597 1
